FILE_CONFIG:
  file_type: 2
  version: 1.1
FIRST_CAMERA_PARAMS:
  camera_type: 0
  Cx: 117.908000
  Cy: 52.501900
  Fx: 114.707000
  Fy: 114.707000
  K1: -0.049986
  K2: -0.034549
  K3: 0.011099
  P1: -0.000311
  P2: 0.000381
  hfov: 0
  vfov: 0
  Width: 240
  Height: 100
SECOND_CAMERA_PARAMS:
  camera_type: 1
  Cx: 576.414000
  Cy: 669.825000
  Fx: 503.608000
  Fy: 503.476000
  K1: 0.074735
  K2: -0.005857
  K3: -0.003637
  K4: -0.000508
  hfov: 0
  vfov: 0
  Width: 1088
  Height: 1280
FIRST2SECOND_ROTATE_TRANS:
  RX: -0.108509
  RY: 0.010537
  RZ: 0.009060
  TX: 14.878200
  TY: -2.236500
  TZ: -0.639158
  R00: 0.999904
  R01: -0.009613
  R02: 0.010025
  R10: 0.008471
  R11: 0.994078
  R12: 0.108340
  R20: -0.011007
  R21: -0.108245
  R22: 0.994063
SECOND2FIRST_ROTATE_TRANS:
  RX: 0.108509
  RY: -0.010537
  RZ: -0.009060
  TX: -14.864900
  TY: 2.297100
  TZ: 0.728516
  R00: 0.999904
  R01: 0.008471
  R02: -0.011007
  R10: -0.009613
  R11: 0.994078
  R12: -0.108245
  R20: 0.010025
  R21: 0.108340
  R22: 0.994063
CALIBRATION_ERROR:
  RmsLeft: 0
  RmsRight: 0
  RmsStero: 0
  RmsRightRoi: 0
  RmsStereoLeft: 0
  RmsStereoRight: 0
D2C_PARAMETER:
  TOFTORGB: 377.9655424701654
