T_robot_cam:
  translation:
    x: 76.545676438961891
    y: -9.0443668066520786
    z: 69.121483986684609
  rotation_matrix:
    rows: 3
    cols: 3
    data: [-0.039924411776483405, -0.033966184068346263, 0.99862522483869665, -0.99919011787450907, -0.003658902344664039, -0.040071445888026233, 0.0050149462835204347, -0.9994162850251479, -0.033792595939139865]
  rotation_euler_rpy_deg:
    roll: -91.93656617581523
    pitch: -0.28733646094275989
    yaw: -92.288137215907355