T_robot_cam:
  translation:
    x: 76.545676438961948
    y: 9.0443668066520786
    z: 5.8785160133151919
  rotation_matrix:
    rows: 3
    cols: 3
    data: [-0.039924411776483384, -0.0339661840683467, 0.9986252248386962, 0.99919011787450884, 0.0036589023446640364, 0.040071445888026205, -0.0050149462835204503, 0.99941628502514757, 0.033792595939140302]
  rotation_euler_rpy_deg:
    roll: 88.063433824184756
    pitch: 0.28733646094276077
    yaw: 92.288137215907355