T_robot_cam:
  translation:
    x: -169.32132755811858
    y: 15.592200659750858
    z: 8.5659508223178591
  rotation_matrix:
    rows: 3
    cols: 3
    data: [0.010363196460897211, 0.045111974701213531, -0.9989281825525147, -0.99994160019501144, 0.003530570346601094, -0.010214268082832587, 0.003066000416359876, 0.99897569780830253, 0.045145928164809168]
  rotation_euler_rpy_deg:
    roll: 87.412437204056985
    pitch: -0.17566915906902075
    yaw: -89.406219161003918