T_robot_cam:
  translation:
    x: -169.32132755811847
    y: -15.592200659750858
    z: 66.434049177681914
  rotation_matrix:
    rows: 3
    cols: 3
    data: [0.010363196460897213, 0.04511197470121292, -0.9989281825525147, 0.99994160019501133, -0.0035305703466010935, 0.010214268082832587, -0.0030660004163598812, -0.99897569780830242, -0.045145928164808558]
  rotation_euler_rpy_deg:
    roll: -92.587562795942986
    pitch: 0.17566915906902106
    yaw: 89.406219161003918